9001333 13394545
9001333 12514132
9001333 12918535
9001333 13492592
9001333 11937044
9001333 6731535
9001333 2898976
9001333 12584131
9001333 2536495
9001333 2875495
9001333 2536488
9001333 860963
9001333 18304
9001333 2551632
9001333 4763920
9001333 9805895
9001333 1611808
9001333 2422772
9001333 7266453
3279925 13085559
3279925 9408926
3279925 2898976
1429889 11050994
1429889 3041816
1429889 13375881
4270136 6129771
4270136 4706780
1196668 624730
12082533 13265013
12082533 12706226
12082533 5331152
4395309 3159765
4395309 13463459
4395309 2898976
13571357 13430295
11795132 4448
11795132 12499743
11795132 13316168
11795132 13297575
11795132 4784926
11795132 148433
11795132 12544736
126018 13097768
126018 2545920
126018 2898976
126018 5195205
126018 3992048
126018 369473
126018 289726
126018 3253719
5497936 12467950
5497936 3436901
5497936 3646010
5497936 2825712
5497936 975469
1746760 3436901
1746760 2898976
1746760 1525572
1746760 2669136
1746760 3989438
1746760 6453728
1746760 807392
1746760 1767691
1746760 2121813
1746760 2859267
1746760 4063547
1746760 1812096
1746760 3804692
1746760 1477888
1746760 2877941
1746760 2969634
1746760 4138887
1746760 3345027
1746760 1287962
1746760 2509516
3015712 13309661
3015712 3004188
3015712 13529810
3015712 13316168
3015712 1300014
3015712 3359361
3015712 12702286
3015712 13345679
3015712 2282907
3015712 10440695
3015712 12499743
3015712 13085559
3015712 1693
3015712 4193135
3015712 1150897
3015712 6491697
3015712 8330765
3015712 8043791
3015712 371581
3015712 11815816
414556 2536495
414556 2536488
414556 2655569
414556 2825712
1050303 4285985
1050303 10849614
1050303 10770406
1050303 10548376
1050303 8407161
1050303 2898976
1050303 5719676
1050303 2937891
1050303 2730654
1050303 1826022
1050303 1293522
1050303 989764
1050303 805697
1050303 2512728
1050303 1404590
10209203 5084492
10209203 12962320
10209203 12706226
10209203 2695194
10209203 12723
10209203 1693
10209203 8206649
10209203 1201796
10209203 2536488
10209203 1561536
10209203 1153488
10209203 10616959
10209203 10615232
10209203 10574567
10209203 3336587
10209203 1402609
1535726 2898976
247566 905378
247566 13595848
247566 13325214
247566 1879170
247566 12726087
247566 13398621
247566 6543943
247566 11440067
247566 13530852
247566 2040696
247566 13501296
247566 13284187
247566 9892401
247566 5303102
247566 2180874
247566 12420820
247566 3965
247566 11630918
247566 4764943
247566 8756811
1513897 2668840
1513897 2898976
1513897 6710788
1513897 2536488
13535180 13237667
13535180 11874365
13535180 11873304
235915 13552815
235915 11412125
235915 13275890
235915 585227
235915 13367921
235915 13389849
235915 214994
235915 6591792
235915 1376994
235915 4105994
235915 12321115
235915 1466750
235915 2096218
235915 278282
235915 3873375
235915 12501116
235915 12502364
235915 317867
235915 8865226
235915 5603226
1459928 11198407
1459928 11937044
1459928 2536495
1459928 1714004
1459928 9860768
1459928 2171848
1459928 4076565
2771533 13556471
2771533 6534030
2771533 11666407
2771533 6754335
2771533 2068186
2771533 624730
2771533 676
3056118 13097768
3056118 11057814
3056118 3246434
3056118 12046072
3056118 431975
3056118 2627451
3056118 6127365
3056118 9857218
3056118 8706031
3056118 2558795
562823 2126147
562823 8847314
562823 11937044
562823 12514132
562823 348
562823 282447
562823 2727862
562823 1896891
562823 1686934
562823 1331058
11296097 13530852
11296097 13552445
11296097 4414086
11296097 1693
11296097 12611781
11296097 23783
11296097 1569625
11529337 5564749
11529337 1693
11529337 11882864
11529337 11485823
11529337 241358
11529337 11872122
11529337 4803881
11529337 1805841
11529337 12951685
11529337 6340189
11529337 1717106
11529337 13085559
11529337 1458013
11529337 5264061
11529337 11529337
11529337 13190746
11529337 12720869
11529337 25031
11529337 45638
11529337 13370792
6349176 13097768
6349176 13705224
6349176 13309662
6349176 13006355
6349176 13591559
6349176 357347
6349176 10743887
6349176 5626241
6349176 13096784
6349176 582315
6349176 12514132
4402547 6129771
4402547 4285985
4402547 2898976
4402547 2825712
4402547 1693
4402547 11815820
4402547 10767914
4402547 2937891
1651034 1693
1651034 2067242
1651034 189557
1651034 1578807
1651034 2551632
1651034 307886
1651034 13259499
1651034 8666231
1651034 12456246
1651034 4763920
1651034 2536488
1651034 2571058
1651034 3133640
12294722 4037061
12294722 5546192
12294722 1199958
12294722 7128456
12294722 1693
12294722 8759969
12294722 5364758
12294722 6710788
12294722 5686911
12294722 1330552
12294722 11922003
1096581 1300014
1096581 13316168
1096581 11971150
1096581 3759086
1096581 18304
1096581 2554428
1096581 4686892
1096581 2536654
11089701 13501602
11089701 4309951
11089701 13055858
11089701 13592933
11089701 13576215
11089701 13378050
11089701 8847314
11089701 4194531
11089701 5029801
11089701 1943850
11089701 8761379
11089701 12301268
11089701 3025464
11089701 2509516
11089701 1941772
11089701 1300014
11089701 12672312
11089701 8354771
11089701 1135291
11089701 1258287
1259309 13568860
1259309 11089701
1259309 1618380
1259309 1914577
1259309 2536488
1259309 348
1259309 2329010
1259309 648117
1259309 1046778
1259309 10821781
1259309 4706296
1259309 429323
1259309 8882738
1259309 1133908
1259309 1902786
1259309 237262
1259309 6087836
1259309 6495966
1259309 2460974
12367737 12119010
12367737 13471696
2598836 13289317
2598836 880545
2598836 4783214
2598836 5303102
2598836 8929180
2598836 13085559
2598836 2478807
2598836 1546492
2598836 4178191
2598836 12895436
2598836 13300634
2598836 61253
2598836 1512954
2598836 7790368
2598836 2622303
2598836 12853641
2598836 955251
2598836 12640074
2598836 12765297
2598836 13124075
13099289 10568674
13099289 9399354
13099289 3836440
1521725 9408926
1521725 1300014
1521725 2993735
1521725 11585078
1521725 4132925
1521725 11388450
1521725 5143995
1521725 8043752
13255477 12584131
13255477 1402609
13255477 12962368
13255477 12768139
13255477 1327254
13255477 4194531
13191310 10112228
13191310 10220343
12582807 451202
12582807 2898976
12582807 11879728
12582807 13289391
12582807 2576571
12582807 8354917
12274468 12981851
1100827 3499811
1100827 2536842
1100827 2476615
1100827 2655569
1100827 2545436
1100827 975469
1100827 185530
8704904 13585887
8704904 4037061
8704904 13389056
8704904 12723
8704904 3836440
8704904 3336587
8704904 6213595
8704904 6378478
8704904 6240675
8704904 2536488
8848526 12937626
8848526 2126147
8848526 2380673
8848526 4074811
8848526 7790368
8848526 268455
8848526 998517
8848526 11842391
8848526 1402609
8848526 9126
8848526 10716515
8848526 4759863
8848526 2542657
8848526 10821636
8848526 8684873
8848526 10520259
259388 2558795
259388 2937891
259388 3425991
259388 2602257
259388 2551632
1919262 2993735
1919262 13374208
1919262 3622537
1919262 12730977
1919262 2898976
1919262 12584131
1919262 2536488
1919262 2825712
1919262 11901819
1919262 2655569
1919262 2952462
1919262 8932726
1919262 8929180
1919262 3245669
1919262 2769051
1775691 13097768
1775691 12442227
1775691 12476179
1775691 13268512
1775691 2560145
1775691 188148
1775691 13311476
1775691 13278224
1775691 1424700
1775691 2898976
1775691 8354917
1775691 2646967
1775691 2536488
1775691 11424800
1775691 343090
1775691 3074628
1775691 2937891
1775691 886593
10351241 2536842
10351241 2545436
12757319 8043791
12757319 8354771
12757319 3836440
12757319 6129771
12757319 2545436
12757319 2558795
12757319 12460703
12757319 8354917
13430259 12637566
13430259 13622692
13430259 5103259
13430259 13431595
13430259 11837380
13430259 12897465
13430259 1313881
13430259 12096290
13430259 11453960
13430259 13012659
13430259 13305964
13430259 4823305
13430259 13170915
13430259 2517759
13430259 7969353
13430259 961849
13430259 884222
13430259 1281780
13430259 1531743
13430259 2464155
13233019 6551372
13233019 880545
13233019 3155469
13233019 13530822
13233019 2457823
13233019 6127365
13233019 13351400
13233019 12841042
13233019 3042656
13233019 4943522
13233019 1043827
13233019 11879728
13233019 13130240
13233019 8929180
13233019 2464155
13233019 268455
13233019 1022574
13233019 2762430
13233019 11685312
13233019 4788959
6751329 49
6751329 11879728
6751329 9777991
6751329 8756811
6751329 8043791
6751329 8354771
6751329 5631363
6751329 6129771
6751329 2545436
6751329 2558795
6751329 4031479
6751329 4638402
6751329 4037061
6751329 12514132
6751329 3836440
6751329 2536488
5260878 2067242
5260878 11766388
5260878 11879728
5260878 7790368
5260878 12962368
5260878 8298455
5260878 8929180
5260878 1908521
5260878 1161867
5260878 6690355
5260878 12480317
5260878 785212
5260878 10767914
5260878 1824935
5260878 7834078
5260878 44049
5260878 10285337
5260878 2680687
5260878 264862
11919378 3620301
11919378 13085559
11919378 4788959
11919378 2898976
11919378 2536488
5506157 2545436
13419620 13097768
13419620 4783214
13419620 9777991
13419620 1308845
13419620 12998853
13419620 4638402
12309246 640957
12309246 13285083
12309246 2539309
12309246 13530839
12309246 13530850
12309246 13375795
12309246 11959940
12309246 2898976
12309246 4681128
12171385 12477454
12171385 11872122
12171385 11193729
12171385 1380136
12171385 3622537
12171385 12584131
12171385 12706226
12171385 1901265
12171385 4063272
12171385 1355080
12171385 2137600
12171385 11875580
12171385 9509606
12171385 2602257
2455376 11879728
2455376 13530847
2455376 2100782
2455376 13085559
2455376 2545436
2455376 3073197
2455376 1458436
2455376 3735011
3001133 12291659
3001133 11051839
3001133 1300014
3001133 13085559
3001133 12860442
3001133 224826
3001133 6127365
3001133 2655569
3001133 5047917
3001133 12584131
3001133 11853979
3001133 12611781
3001133 2825712
3001133 2350414
12055943 2545436
5379492 12092612
5379492 12998853
5379492 12579608
5379492 6127365
5379492 12706226
5379492 13397290
5379492 11872122
5379492 1554016
5379492 12401299
5379492 13085559
5379492 8731292
5379492 2054911
5379492 2467767
5379492 2580795
5379492 2825712
5379492 232641
5379492 4140097
5379492 11366521
5379492 4686892
5379492 11880387
8996034 13330822
8996034 13166126
8996034 13045111
8996034 12529829
8996034 12511384
8996034 12297626
8996034 3950307
8996034 1300014
8996034 2898976
8996034 2536495
8996034 2536488
8996034 8354771
8996034 9897143
2582817 13316168
2582817 11530293
2582817 10775718
2582817 12550738
2582817 8810137
2582817 1101923
2582817 375005
2582817 40236
2582817 1345556
2582817 2539131
2582817 2571058
2582817 2536842
2582817 2545436
4368376 13450444
4368376 6127365
4368376 12768139
4368376 5047917
4368376 1402609
4368376 2898976
4368376 12584131
4368376 2825712
4368376 4187285
4368376 1075909
4368376 11875573
4368376 2551632
4368376 8932726
4368376 8929180
4368376 3643615
4368376 3735011
1267619 13630710
1267619 2945204
1267619 13396454
1267619 13311941
1267619 12898497
1267619 2825712
1267619 10417738
1267619 6435325
1267619 4874285
2686615 3035030
2686615 13584371
2686615 1019115
2686615 1372489
2686615 11875500
2686615 1101923
2686615 3836440
2686615 3260453
2686615 1639384
2686615 2545436
2993906 2536842
2993906 1668043
2993906 348
2993906 2536488
2993906 2952028
2993906 1440214
2993906 2545436
2993906 1101923
6331307 224826
6331307 1300014
6331307 12706226
6331307 2825712
6331307 348
6331307 2536488
2988375 9372929
2988375 12656725
2988375 1402609
2988375 2106323
2988375 5496791
2988375 1137417
2988375 2730652
2988375 2607724
2988375 3437245
2988375 3439455
2988375 5312087
2988375 3735011
2988375 5608478
2988375 1204372
2988375 3178996
127016 2509868
127016 348
127016 2121819
127016 2672069
127016 2972687
127016 2545436
127016 2542652
127016 2537644
179806 6737882
179806 2536496
179806 3334215
179806 3726331
179806 12449636
179806 1736141
179806 58629
179806 13017986
179806 11823220
179806 920960
179806 2898976
179806 3622537
179806 2825712
179806 12460703
179806 11872803
179806 6305284
179806 1242312
179806 12394676
179806 12699330
179806 3024516
13316190 9053544
13316190 2545436
1320222 6731535
1320222 12718710
1320222 11879728
1320222 13259499
1320222 13010228
1320222 9835254
1320222 11959940
1320222 2602867
1320222 12668049
1320222 12366674
1320222 6491697
1320222 2825712
1320222 8929180
1320222 5299982
1320222 9602354
1320222 5234999
1320222 12297264
1320222 11942216
1320222 6193754
1320222 23783
12509502 4759897
12509502 2898976
487891 1674931
487891 2714051
487891 13225573
487891 12514132
487891 12507350
487891 1475947
487891 13016932
487891 907581
487891 5307704
487891 8833717
487891 9252830
487891 5403879
487891 1724643
487891 5165069
487891 5374464
487891 8109086
487891 2722914
487891 8691595
487891 247153
487891 8767483
4062417 6129771
9229504 13290955
9229504 11653349
9229504 2754941
9229504 11815820
9229504 975469
9229504 11875582
9229504 9646078
9229504 1638278
9229504 2955114
9229504 1170695
9229504 2171848
9229504 304
9229504 1402609
9229504 2551632
9229504 6127365
9229504 3159097
9229504 3425991
9229504 6129771
9229504 3996499
9229504 4079426
1180613 3436441
1180613 4376176
1180613 12848255
1180613 13056332
1180613 12745378
1180613 13347122
1180613 11631960
1180613 8788754
1180613 13621061
1180613 13667210
1180613 13048286
1180613 4550742
1180613 12576220
1180613 3334215
1180613 12540896
1180613 13405648
1180613 11931516
1180613 28111
1180613 11412125
1180613 265798
13391573 17325
13391573 13039537
13391573 9408926
2950077 11716322
2950077 8354917
13334467 10442219
13334467 4030199
13334467 4959329
13334467 1868475
13334467 12059602
13334467 1760483
13334467 13654769
13334467 1270565
13334467 3317888
13334467 12563509
13334467 1608776
13334467 8246542
13334467 1188265
13334467 2915283
13334467 13441710
13334467 3218896
13334467 13241250
13334467 2099227
13334467 2916886
13334467 5310712
5680071 13130240
5680071 13259499
5680071 375764
5680071 3142792
5680071 3044178
5680071 11860599
5680071 11971402
5680071 2884920
5680071 3159765
5680071 13530835
5680071 11879728
5680071 11795853
5680071 1200001
5680071 13224400
5680071 13162496
5680071 8738379
5680071 4109184
5680071 3005186
5680071 6731535
5680071 13395863
3625595 2027476
3625595 13530852
3625595 13530824
3625595 13374208
3625595 6582918
3625595 11937044
3625595 4970310
3625595 4490081
3625595 10767914
3625595 2192547
3625595 2171848
3625595 5195205
3625595 3384066
3625595 2921694
3625595 2898976
3625595 2937891
3625595 2551632
3625595 3425991
3625595 2536488
3625595 348
13385928 12962368
10330393 3979765
10330393 5274391
10330393 2512224
10330393 3529527
10330393 154724
10330393 1609961
10330393 6348862
10330393 9777991
87565 13085559
87565 58889
87565 4074811
87565 3052855
87565 4313747
87565 6129771
45465 13312785
45465 12905498
45465 235045
45465 12660892
45465 11653349
45465 8244067
45465 12745435
45465 12724968
45465 12699990
45465 11773537
45465 12498737
45465 1316405
45465 12467100
45465 12446141
45465 2678931
45465 268455
45465 12501116
45465 12424392
45465 12439942
45465 2168539
2012041 4074811
2012041 11415379
2012041 2643770
2012041 13309659
2012041 2500970
2012041 8706031
2012041 5029801
2012041 3992048
2012041 3751306
2012041 3223940
2012041 3294888
2012041 3133640
2012041 2958760
2012041 1804558
2012041 2121819
1511069 13302363
1511069 2825712
1511069 6149904
1511069 5192310
1511069 12511611
1511069 2536637
1511069 3052855
1511069 8354917
1511069 4211450
1511069 2558795
6389687 12762755
6389687 4300614
6389687 10732934
6389687 13145667
6389687 12736759
6389687 8711054
6389687 13194498
6389687 11879728
6389687 12765297
6389687 13085559
6389687 1676133
6389687 66171
6389687 1195487
6389687 8694321
6389687 5232543
6389687 12704198
6389687 904460
6389687 2433430
6389687 8790904
6389687 2080428
2986559 11051839
2986559 13530852
2986559 13552445
2986559 3180214
2986559 8910796
2986559 1236698
2986559 11879728
2986559 4074811
2986559 872956
2986559 2655569
2986559 12499743
2986559 371581
2428908 12819499
2428908 13397290
2428908 2536488
2533454 3612567
2533454 13097768
2533454 12944879
2533454 3272692
2533454 13040727
2533454 5047917
2533454 5056605
2533454 8409101
2533454 12142865
2533454 8415467
2533454 2340501
2533454 1168895
2533454 75306
2533454 2881379
2533454 6764236
2533454 1767881
2533454 10385312
2533454 3304200
2533454 414723
2533454 4970080
7975082 13290538
7975082 23783
7975082 12071993
7975082 8559324
7975082 9792520
7975082 8137304
7975082 3836440
7975082 3260453
12552615 4713828
12552615 13649691
12552615 13619983
12552615 12793568
12552615 1483439
12552615 5096979
12552615 11937044
12552615 11857103
12552615 12652075
13578277 13501602
13578277 13685368
13578277 4037061
13578277 9509595
13578277 4788959
13578277 3272692
13578277 12295306
13578277 4031479
13578277 9777991
13191310 10112228
13191310 10220343
3279925 13085559
3279925 9408926
3279925 2898976
217171 2538580
217171 3586205
217171 2014143
217171 12910913
217171 13377458
217171 9498601
217171 12939075
217171 948343
217171 5601622
217171 872956
217171 2072362
217171 2536488
217171 4873072
217171 2154718
217171 3818122
217171 3812581
217171 1219433
217171 2778752
217171 2808056
217171 2467075
5392627 235045
5392627 975469
3373256 11619123
3373256 2951726
3373256 747742
3373256 3050713
6421961 2602867
6421961 28111
6421961 12768139
6421961 3334215
6421961 13317717
6421961 13309661
6421961 13316168
6421961 1275625
6421961 6460967
6421961 1402609
2659833 640957
2659833 8800357
2659833 872956
2659833 3044178
2659833 2545436
2659833 13085559
2659833 13433640
2659833 9777991
2659833 3149643
2659833 5041205
2659833 2426140
2659833 1781161
2659833 2546482
2659833 5036262
2659833 4444110
2659833 2053880
2659833 1064604
2659833 2948870
2659833 1108723
2659833 2064755
3138581 12638883
3138581 13397290
3138581 2499949
3138581 13211002
3138581 5785802
3138581 6377969
3138581 11762590
3138581 3917097
3138581 1528508
3138581 1292793
3138581 2936530
3138581 2996
3138581 2192547
3138581 266503
3138581 3054890
3138581 228835
3138581 247031
3138581 4211450
3138581 196340
3138581 4662527
9846110 13549920
9846110 8330765
9846110 8663511
9846110 9509606
2166611 2032873
13157947 10397532
13157947 12485070
13157947 13028178
13157947 1592682
13157947 3120797
13157947 13530827
13157947 4115220
13157947 6765965
13157947 2043350
13157947 12528284
13157947 2652421
13157947 432136
13157947 5108160
13157947 11241488
10485797 2536495
10485797 3836440
1239800 4924575
1239800 2922687
1239800 12289370
1239800 1293952
1239800 11879728
1239800 2627280
1239800 5331152
1239800 126140
1239800 1376994
1239800 2537653
1239800 837817
1239800 4217003
1239800 5048264
1239800 4307724
1239800 10862200
1239800 6120592
1239800 948343
1239800 14393
1239800 4913133
1239800 9941849
3053232 2545436
3053232 8354771
3053232 3340240
13358691 13627473
3368395 2536488
3368395 1254931
8885477 6534030
8885477 12623583
8885477 12592674
8885477 2937891
8885477 2898976
8885477 2536488
8885477 1402609
8885477 319396
521110 2937891
1459378 2655569
1459378 92158
1459378 2086316
1459378 5742227
1459378 2385449
1459378 6129771
1459378 2602257
1459378 1753869
1459378 3040341
1459378 2711373
1459378 2868776
1459378 2930272
1459378 949612
1459378 233579
1459378 2536566
1459378 2956374
1459378 1387441
1459378 2926424
1459378 327131
1459378 993282
8491570 2403376
8491570 4759897
8491570 12486189
8491570 1381008
8491570 94724
8491570 4211450
8491570 1327124
8491570 2551549
8491570 5144096
8491570 5267233
8491570 1159815
8491570 5585001
8491570 2898976
1604882 3540741
1604882 4074811
1604882 13501296
1604882 12501851
1604882 13234280
1604882 5331152
1604882 6731535
1604882 5631363
1604882 5195205
1604882 1566012
1604882 11972408
1604882 9949470
1604882 18304
1604882 8706031
1604882 8407161
1604882 6531938
1604882 6582918
1604882 8354771
1604882 5047917
1604882 640957
13068969 13713267
13068969 13657204
13068969 7047317
13068969 13530844
13068969 13475725
13068969 13374208
13068969 4759897
13068969 2602257
13068969 2278355
13068969 13085559
13068969 7790368
13068969 3733068
13068969 1300014
13068969 11809965
13068969 2371
13068969 12706226
13068969 1402609
13068969 5331152
13068969 3012074
13068969 12962368
2133530 13530824
2133530 2960862
2133530 2536488
2133530 1402609
5093250 13374208
1632468 3836440
1632468 3569513
1632468 12939075
1632468 6770667
1632468 13085559
1632468 2937891
1994959 13374208
2621948 4211450
1747803 1301698
2562434 12714518
2562434 13530852
2562434 13034524
2562434 2545436
2562434 13530831
2562434 13345522
2562434 2602253
2562434 17325
2562434 12706226
2562434 12457623
2562434 8330765
2562434 4690391
1604882 3540741
1604882 4074811
1604882 13501296
1604882 12501851
1604882 13234280
1604882 5331152
1604882 6731535
1604882 5631363
1604882 5195205
1604882 1566012
1604882 11972408
1604882 9949470
1604882 18304
1604882 8706031
1604882 8407161
1604882 6531938
1604882 6582918
1604882 8354771
1604882 5047917
1604882 640957
1457923 1085033
1457923 13297575
1457923 2040696
1457923 13347122
1457923 1019115
1457923 13556376
1457923 13085559
1457923 188148
1457923 13316168
1457923 11388442
1457923 6491697
1457923 4759897
1457923 11583522
1457923 13114635
1457923 8330765
1457923 12459593
1457923 6570
1457923 4074811
1457923 13397290
1457923 10047247
235845 13374208
235845 2536488
235845 5303102
235845 4690346
3205737 2643770
3205737 1300014
3205737 5195205
3040790 11879728
3040790 13006355
3040790 1067198
3040790 2278355
3040790 9777991
3040790 12366674
3040790 3436901
3040790 13378050
3040790 4074811
3040790 8903127
3040790 13397290
3040790 1300014
3040790 12750073
3040790 5084492
3040790 13274024
3040790 3246434
3040790 1529531
3040790 4031479
3040790 12768139
3040790 4759897
4819380 13579910
4819380 13607049
4819380 12078271
4819380 13464030
4819380 13316756
4819380 13414492
4819380 13559894
4819380 6401396
4819380 8554787
4819380 8713032
4819380 13319688
4819380 10775718
4819380 8354917
4819380 502796
4819380 8354771
4819380 8043791
4819380 2545436
4819380 6129771
4819380 3836440
4819380 5066278
1187642 3671696
1187642 13397290
1187642 9408926
1187642 2558795
1187642 12435142
1187642 11875511
1187642 5279567
1187642 3976675
1187642 2655569
1187642 26284
6325837 12915372
6325837 11361096
6325837 13570964
6325837 13706099
6325837 13271617
6325837 1653003
6325837 13370432
6325837 11054121
6325837 6720096
6325837 1176998
6325837 13556467
6325837 13576061
6325837 11772740
6325837 10330941
6325837 13584371
6325837 13432126
6325837 13552445
6325837 221745
6325837 13673731
6325837 13591613
13172281 451202
13172281 13663520
13172281 3245402
13172281 12869194
13172281 12962368
13172281 2655569
13113877 11881807
13113877 11937044
13113877 341827
13113877 13585887
13113877 2898976
13113877 12584131
12697785 13657204
12697785 3272692
12697785 9777991
12697785 13085559
12697785 13398355
12697785 13390674
12697785 12768139
12697785 1300014
12697785 371581
12697785 13397290
12697785 4220413
12697785 11959951
997984 1300014
997984 2126147
997984 13530844
997984 13316168
997984 12454860
997984 12543098
997984 13243697
997984 12614374
997984 5317570
997984 1830518
997984 11174024
997984 12488825
997984 2713157
997984 2858321
997984 12514132
997984 12773004
997984 6866930
997984 12755370
997984 1718775
997984 4773748
9665860 13317717
9665860 13530847
2002037 13309661
2002037 13530822
2002037 13530821
2002037 13317717
2002037 13309660
2002037 13316168
2002037 7790368
2002037 3733068
2002037 12366674
2002037 12499743
2002037 12477454
2002037 11773537
2002037 5331152
2002037 2697473
2002037 11959594
2002037 560937
2002037 11428475
2002037 11583522
2002037 2898976
2002037 10767914
8826435 2646967
8826435 4983671
1801435 1474350
1801435 17325
1801435 3359361
1801435 1300014
1801435 1632022
1801435 5575844
1801435 13085559
1801435 6491697
13244025 2087987
13392172 2451705
231364 4074811
231364 11948846
231364 517096
231364 3253719
231364 23783
231364 1065613
231364 2858811
231364 318669
231364 392844
231364 2121819
231364 24604
231364 216747
231364 1137803
231364 339721
231364 265159
231364 1097011
231364 10149
2329417 2536488
2329417 2536566
12678517 5029801
1505693 3921007
1505693 13302363
1505693 13530852
1505693 2087987
1505693 17325
1505693 805790
1505693 3540741
1505693 4074811
1505693 13569514
1505693 2157198
1505693 13576011
1505693 2170430
1505693 265798
1505693 6739516
1505693 13398621
1505693 13324363
1505693 13556449
1505693 13529810
1505693 13594150
1505693 13302042
7813137 12962368
7813137 11937044
7813137 338271
7813137 10775718
7813137 12734316
7813137 2536495
7813137 12420820
7813137 3917097
7813137 6460967
7813137 3336587
1507096 4211450
1507096 3234232
1507096 1911828
1507096 962580
1507096 1088355
1507096 207256
2514455 9834650
2514455 93312
2514455 199853
2514455 13627697
2514455 13137669
2514455 10809809
2514455 13529810
2514455 3386806
2514455 13556471
2514455 5397639
2514455 13316168
2514455 12736759
2514455 239983
2514455 13309660
2514455 2551632
2514455 1402609
2514455 956929
2514455 2536488
2514455 4285985
2514455 235045
13433800 10959032
13433800 3540741
13433800 11937044
13433800 3399497
13433800 13556471
13433800 1893905
13433800 1045493
13433800 12962368
13433800 8557914
13433800 3836440
2535523 5195205
2535523 13530852
2535523 11872122
2535523 11227525
2535523 13085559
2535523 12499743
2535523 4946646
2535523 11879728
2535523 2536488
2535523 2558795
2535523 155185
2535523 2449827
2535523 5631363
2535523 4031479
2535523 4307994
2535523 3966559
2535523 32
358224 2545436
1658256 6460967
1658256 2956374
1658256 2536488
2102572 13213616
2102572 2536495
2102572 4179162
2102572 12706226
2102572 4211450
2102572 2545639
2102572 2697473
2102572 3336587
2102572 10574567
2102572 9941849
2102572 4207
2102572 3151199
2102572 3116947
2102572 348
2102572 2937891
2102572 2956374
2102572 3792503
2102572 3501403
2102572 2540356
2102572 2928561
201977 2545436
201977 13530853
201977 13556449
201977 1300014
201977 13463459
201977 4690346
201977 12847595
201977 1402609
201977 11659051
201977 5047917
12650705 2742196
12650705 3540741
12650705 13587163
12650705 5029801
1974549 1349022
3328295 7956673
3328295 13056332
3328295 3005186
3328295 8800357
3328295 1174786
3328295 2093391
3328295 5512812
3328295 12869194
3328295 13085559
3328295 2494363
3328295 5036476
3328295 1402609
3328295 2349701
3328295 10958084
3328295 2536488
3328295 11946645
3328295 5560425
3328295 1583379
3328295 11653349
3328295 1105622
2286566 11937044
1091180 12292481
1091180 2898976
1091180 4638402
1091180 10023479
1091180 10058393
1091180 2536842
1091180 2551632
1091180 2577454
1091180 1986594
1091180 4924615
1091180 997822
1091180 932560
1091180 83115
1091180 807392
1091180 69775
1091180 2749776
1091180 193258
1091180 1864724
1091180 1185616
1091180 1041435
2088176 872956
2088176 12457623
2088176 8597065
2088176 8719786
2088176 3869856
2088176 2956374
2088176 903040
12929664 13530822
12929664 1460098
12929664 13395863
12929664 5733880
1226134 2915171
1226134 2067242
1226134 6731535
1226134 8929180
1226134 2655569
1226134 640957
1226134 2602257
1226134 2165975
1226134 12366674
1226134 11632897
1226134 6491697
1226134 5647296
1226134 11838502
1226134 2580795
1226134 6723924
1226134 22842
1226134 3836440
1226134 2368507
1226134 6491861
1226134 10761177
6142225 2697473
2527381 3334215
2527381 13308018
2527381 920960
2527381 11842391
2527381 2011312
2527381 5331152
2527381 3179008
2527381 3439455
2527381 3120812
2527381 3030978
2935946 371581
2935946 12450773
2935946 1560823
2935946 13397290
2935946 872956
2935946 13085559
2935946 5093364
2935946 2431383
2935946 11524524
2935946 2452861
2935946 1704291
2935946 5322894
2935946 5719676
2935946 1532308
2935946 2020468
11956593 2937511
11956593 13611921
11956593 128205
11956593 11949811
11956593 3540741
11956593 5029801
11956593 6469231
11956593 5391218
11956593 2126147
11956593 8810137
11956593 12869194
11956593 4983873
11956593 684918
11956593 6944451
11956593 12424949
11956593 2897918
11956593 1184545
11956593 13247044
11956593 1790192
11956593 13287403
4752834 11937044
4752834 9408926
4752834 12794055
4752834 3735011
4752834 13085559
13020743 3005186
13020743 13097768
13020743 2898976
1857462 10692579
13541432 3360599
13541432 4555383
13541432 11873201
13541432 8354771
235915 13552815
235915 11412125
235915 13275890
235915 585227
235915 13367921
235915 13389849
235915 214994
235915 6591792
235915 1376994
235915 4105994
235915 12321115
235915 1466750
235915 2096218
235915 278282
235915 3873375
235915 12501116
235915 12502364
235915 317867
235915 8865226
235915 5603226
1406784 640957
1406784 2554339
1406784 2462474
1406784 83159
1406784 38075
1406784 1837123
1406784 1920310
1406784 1751515
1406784 2473672
1406784 1639125
1406784 426946
1406784 2669569
1406784 2934425
1406784 1363610
1406784 35915
1406784 2173273
1406784 40896
1406784 2121819
1406784 32295
1406784 1952013
13288503 18304
13288503 1117806
13288503 5766870
13288503 11872122
13288503 13331092
13288503 1233429
13288503 12730977
13288503 2995906
13288503 4132925
13288503 13374208
13288503 982627
13288503 1023576
13288503 2371
13288503 2040696
13288503 13587163
13288503 13526896
13288503 2545436
13288503 12651875
13288503 12455410
13288503 6401006
4278708 4269141
4278708 4213960
4278708 13393912
4278708 13275131
4278708 6760995
4278708 8839064
4278708 13276917
4278708 146984
4278708 728169
4278708 2536495
4278708 4719087
4278708 2017888
4278708 987012
4278708 63447
4278708 2951726
4278708 622834
4278708 2501785
4278708 524113
4278708 1958520
4278708 1987312
4161165 13670327
4161165 3617318
1337712 13580103
1337712 5722498
1337712 10775718
1337712 3836440
1337712 13085559
1337712 3071222
1337712 12962368
1337712 6378478
1337712 6534030
1337712 12699330
1337712 158157
1337712 9684491
1337712 13097768
1337712 12511689
1337712 6460967
1337712 2697473
1337712 2579807
1337712 3380904
1337712 12420820
1337712 5215158
120604 3826401
120604 13368243
120604 4359823
120604 11440067
120604 12321115
120604 2479816
120604 2898976
120604 1201962
120604 2893445
120604 2518347
120604 11584913
120604 8464324
120604 5509255
120604 1002675
120604 120604
120604 10601670
120604 9152508
120604 1608852
120604 4723077
120604 2095817
6713666 2164630
6713666 13614059
6713666 1616159
6713666 13302858
6713666 12634288
6713666 2884354
6713666 4664371
6713666 5639117
6713666 13398355
6713666 831335
6713666 11944716
6713666 12744195
6713666 352152
6713666 1646266
6713666 1596195
6713666 3907987
6713666 3708059
6713666 5066278
6713666 11450250
6713666 938269
2056151 11937044
2056151 13374208
2056151 975469
2056151 4794396
2056151 585227
2056151 955447
2056151 5029801
2056151 5739345
1229361 1402609
1229361 8043791
1229361 2536490
1229361 13397290
1229361 3251637
1229361 31365
1229361 17547
1229361 1902786
1229361 2977031
1229361 1988337
1229361 3073909
1229361 1087247
1229361 616587
1229361 2777313
1229361 23783
1229361 3976664
1229361 645102
1229361 2121819
1229361 2067254
1229361 1990758
331506 13097768
331506 1418869
331506 8298455
331506 431892
331506 1883238
331506 2855754
331506 348
2687818 3272692
2687818 11440067
2687818 2545436
2687818 9509595
2687818 3499811
2687818 13085559
2687818 5303168
2687818 1156412
2687818 4220413
2687818 3380904
2687818 8932726
2687818 8929180
2687818 8354771
2687818 8354917
2687818 11424761
2687818 11227525
2687818 6348405
2687818 2558795
2687818 2488319
2687818 9777991
12872589 2733102
12872589 1562571
12872589 6317993
12872589 1318174
12872589 1933320
12872589 13339556
12872589 1591755
12872589 1169296
12872589 2474300
12872589 2465828
12872589 12886306
12872589 2955194
12872589 6208097
12872589 1597347
12872589 2697030
12872589 12566270
12872589 328383
12872589 2912587
12872589 2978719
12872589 12887162
1101797 12534223
1101797 9887429
1101797 12295306
1101797 5029801
1101797 2539068
1101797 3116492
1101797 2573146
1101797 3992048
1101797 2538581
1101797 640957
1101797 2554339
1101797 2655569
1101797 4827057
1101797 4086913
1101797 3340240
1101797 883687
1101797 3396579
1101797 3227553
1101797 3425991
1101797 2551632
8971510 13530847
8971510 12544278
8971510 4852805
8971510 1619003
8971510 2566213
8971510 13259499
8971510 13069174
8971510 2536488
8971510 1463065
8971510 1385342
8971510 13047902
8971510 13028522
8971510 12295306
8971510 4310306
8971510 3154459
8971510 2695531
8971510 289726
8971510 9792520
8971510 1459560
8971510 5689125
425850 3159765
425850 2097062
425850 13316168
425850 13552445
425850 10872176
425850 13389849
425850 12442955
425850 11879728
425850 1023576
425850 2536495
425850 9598161
425850 11860599
425850 11894931
425850 2464029
425850 11872054
425850 11873201
425850 300537
425850 2874478
425850 2965559
425850 914661
2604255 13530831
2604255 3733068
2604255 2536488
2604255 148870
2604255 12444547
2604255 2866332
2604255 2695194
2604255 2593385
2604255 4563690
2604255 3076195
2604255 5143995
2604255 3080783
2604255 2956374
2604255 183811
890312 6273302
890312 364190
890312 2858811
890312 910199
890312 1007650
890312 1208427
15960 4763920
15960 1823083
15960 1308333
15960 1335846
15960 2551632
15960 2545866
15960 1502582
15960 382691
15960 414723
4771985 2779779
5540984 859909
1804144 2536488
1804144 2898976
1804144 2536906
1804144 2554702
8705422 6162314
8705422 2779779
8705422 6535378
8705422 12493495
13331760 13423707
13331760 1146952
13331760 13395863
13331760 8447965
13331760 1161867
2687818 3272692
2687818 11440067
2687818 2545436
2687818 9509595
2687818 3499811
2687818 13085559
2687818 5303168
2687818 1156412
2687818 4220413
2687818 3380904
2687818 8932726
2687818 8929180
2687818 8354771
2687818 8354917
2687818 11424761
2687818 11227525
2687818 6348405
2687818 2558795
2687818 2488319
2687818 9777991
2120036 13530852
2120036 12733318
2120036 11833764
2120036 1639125
2120036 5055190
2120036 5036434
2120036 11723856
2120036 3110562
2120036 1690112
2120036 1902786
2120036 1336574
2120036 2878295
2120036 811953
2120036 11623
2120036 2549866
2120036 2536487
2120036 2956372
2120036 2874540
2120036 3501403
2120036 2536495
2713186 10570090
2713186 13584371
2713186 4353154
2713186 13580280
2713186 288167
2713186 3272692
2713186 58889
2713186 8033515
2713186 2937929
2713186 11879728
2713186 2067242
2713186 6129771
2713186 1200001
2713186 13345522
2713186 3219568
2713186 8713981
2713186 12523821
2713186 2349701
2713186 253735
2713186 371581
1051268 2541663
1926284 1342439
1926284 2609557
1926284 2866019
1926284 2937891
1926284 1072829
12740978 13483140
12740978 17325
12740978 12207559
12740978 3086131
12740978 975469
12740978 3071233
12740978 1236698
12740978 13619345
12740978 5787660
12740978 13085559
12740978 1637877
12740978 8309637
12740978 5313916
12740978 13530847
12740978 2050956
12740978 13411180
12740978 13398355
12740978 12465417
12740978 11329799
12740978 13474130
13121628 2898976
13121628 13621918
12750512 3155465
12750512 11012788
12750512 288167
12750512 675429
12750512 3120797
12750512 11150172
12750512 1099441
12750512 2575607
12750512 8706031
12750512 11879728
12750512 11653349
12750512 13274827
12750512 5584106
12750512 268455
12750512 1588317
12750512 5785802
12750512 1241598
12750512 4083913
12750512 2752400
12750512 10576288
13707431 10348219
13707431 4269141
13707431 1401764
10410241 13309661
10410241 1300014
10410241 12366674
10410241 1611340
10410241 9706991
10410241 2694506
10410241 10669102
10410241 5627144
10410241 2536487
10410241 1402609
10410241 2551632
10410241 2536488
1621977 13556376
1621977 10047247
1621977 3914755
1232524 959589
1232524 3012214
1232524 1200001
1232524 2539309
1232524 2602867
1232524 12475040
1232524 909924
1232524 886593
1232524 4759897
1232524 1121533
1232524 2584145
1232524 66171
1232524 26284
1232524 10149
1232524 269666
13251382 1300014
13251382 13085559
3267207 13316168
3267207 13530853
3267207 13530847
3267207 6731535
3267207 13374208
3267207 371581
3267207 12538059
3267207 9322919
3267207 6460967
3267207 1402609
3267207 2558795
3267207 3746440
3267207 4690346
3267207 4829954
3267207 5097347
3267207 2874540
3267207 2539395
3267207 2538794
3267207 2536488
3267207 2697473
12477071 8043791
12477071 2545436
12477071 1300014
12477071 6129771
12477071 8354771
12477071 13397290
12477071 13085559
12477071 2536496
404839 9498601
404839 2558795
404839 13252750
404839 3988383
404839 1215836
404839 1419311
404839 12499743
404839 3800807
404839 2089286
404839 1372031
404839 3107434
404839 188632
404839 5144096
2004644 2898976
2004644 58629
235217 5331152
235217 3540741
235217 1300014
235217 13529810
235217 2545436
235217 6129771
235217 13085559
235217 4037061
235217 1902786
235217 2898976
235217 12584131
235217 3221722
235217 8706031
235217 8407161
235217 1402609
235217 948343
235217 3245669
235217 2539759
11382464 11809965
11382464 13097768
11382464 17325
11382464 13289426
11382464 12782190
11382464 2708856
11382464 2678931
11382464 12579431
11382464 11595825
12658054 8788754
12658054 2278355
12658054 13398355
12658054 2993735
12658054 13271977
12658054 7041020
12658054 1402609
12658054 1622101
12658054 2047092
12658054 12499743
12658054 3044178
12658054 9740099
12658054 11440067
12658054 4759897
12658054 12366674
12658054 371581
12658054 11374015
12658054 6127365
12658054 4307724
12658054 11583522
1489864 13537070
1489864 2551632
1489864 10767914
1489864 10769539
1489864 2171848
1489864 2730654
1489864 32445
1489864 344828
243560 9509606
243560 498223
243560 1293698
243560 2545436
243560 40963
243560 438551
243560 1075846
243560 28959
243560 1109018
243560 373377
243560 85746
243560 1457
243560 137907
243560 15913
243560 12752
243560 406784
243560 374703
243560 10031
243560 899162
243560 78924
507047 7790368
507047 237100
507047 2208955
507047 327830
507047 1474222
507047 259579
507047 127947
507047 1072829
507047 235106
507047 160338
507047 998996
507047 600543
2325654 13599930
2325654 13530831
2325654 13530847
2325654 13530822
2325654 371581
2325654 8733202
2325654 12407151
2325654 1529531
2325654 1284470
2325654 1205579
2325654 2365155
2325654 246088
2325654 5192310
2325654 4838704
2325654 9498601
2325654 749919
2325654 2712005
2325654 1823184
2325654 1467503
2325654 8765874
6859756 11879728
6859756 10047247
6859756 975469
6859756 12072591
6859756 12915315
6351397 12495674
6351397 3735011
6351397 12939075
10424376 2898976
10424376 2536488
11884911 13085559
11884911 12106814
11884911 78445
11884911 8354917
11884911 4763920
2431491 13463459
2431491 6127365
2431491 1300014
2431491 12706226
2431491 13085559
2431491 3973626
2431491 1293952
2431491 8686810
2431491 975469
2431491 95901
2431491 2027476
2431491 6815344
2431491 11368407
2431491 11440067
2431491 11740520
2431491 7859043
2431491 12301091
2431491 1618733
2431491 3159325
2431491 2696231
3046167 3836440
3046167 3260453
3046167 2551632
3046167 2558795
3046167 4763920
3046167 1640422
109110 12962368
109110 11809965
109110 8107034
109110 3012074
109110 1402609
109110 1342439
109110 2672812
109110 3735011
109110 3384066
109110 306210
109110 214538
109110 36398
109110 79368
109110 98164
109110 25373
109110 118955
2513522 13372961
2513522 2611960
2513522 2009546
2513522 2858811
2513522 2488319
2513522 2549866
2513522 1198143
2513522 2121819
2513522 2543137
2513522 1684362
2513522 920960
8835777 3795946
8835777 13234843
8835777 6626561
8835777 5785802
8835777 353785
8835777 6543943
8835777 10163336
8835777 5343050
8835777 3373018
8835777 4090266
8835777 5627144
8835777 9824557
8835777 9803132
8835777 9804462
8835777 4197338
8835777 1439765
12496949 9372929
12496949 12699330
12496949 4027314
12496949 13467816
12496949 13309661
12496949 13421044
12496949 13501602
12496949 13421034
12496949 13657204
12496949 13309660
12496949 12514132
12496949 13633795
12496949 9777991
12496949 5152928
12496949 4074811
12496949 11415379
12496949 12962368
12496949 12106814
12496949 3331934
12496949 2032873
13538672 13663539
13538672 13699190
13538672 1889996
13538672 12455410
13538672 344045
13538672 8994685
13538672 13556437
13538672 348
2663947 13085559
2663947 12461470
2663947 5608497
2663947 10678035
2663947 3340240
2663947 8944833
2663947 6356395
2663947 8929180
2663947 10769195
2663947 10060523
2663947 2947115
2663947 1628631
2663947 3118100
2663947 2279148
1217700 11795853
1217700 13306991
1217700 872956
1217700 11879728
1217700 13530852
1217700 1300014
1217700 524113
1217700 3224749
1217700 2485120
1217700 2536488
1217700 4037061
1217700 2464155
1217700 2551632
1217700 2929340
1217700 250471
1217700 11875511
1217700 12320308
1217700 11875520
1217700 11875608
1217700 11881299
3759917 11440067
3759917 11879728
3759917 9064941
3759917 948343
3759917 13311476
3759917 13289363
3759917 12765297
3759917 4330241
3759917 12053290
3759917 216998
3759917 12439942
3759917 2661649
3759917 348
3759917 8932726
3759917 8929180
3759917 2573712
3759917 10769211
3759917 10548376
3759917 4037061
3759917 6129771
1599549 2545436
1599549 1648359
1599549 13289430
1599549 2518657
1599549 2915171
1599549 2536488
1599549 2536495
1599549 6460967
1599549 1402609
1599549 4946646
1599549 371581
1599549 13110697
1599549 13085559
1599549 11440067
1599549 6491697
1599549 12706226
1599549 1218214
1599549 12373892
1599549 12366674
1599549 2524009
5027 2371
5027 12366674
5027 11159854
5027 3179028
5027 2898976
5027 289726
5027 920960
3074053 13335219
3074053 13541575
3074053 2277888
3074053 1825287
3074053 4759061
3074053 5184458
3074053 2536488
3074053 4086913
3074053 3340240
3074053 2552122
13453948 13549094
13453948 933886
235915 13552815
235915 11412125
235915 13275890
235915 585227
235915 13367921
235915 13389849
235915 214994
235915 6591792
235915 1376994
235915 4105994
235915 12321115
235915 1466750
235915 2096218
235915 278282
235915 3873375
235915 12501116
235915 12502364
235915 317867
235915 8865226
235915 5603226
12388034 12445234
12388034 1802047
12388034 8838356
12388034 12741162
12388034 8392407
12388034 11237846
12388034 1146922
12388034 2543499
12388034 13331092
12388034 2456153
12388034 13393109
12388034 12970162
12388034 1103983
12388034 1377152
12388034 12501851
12388034 11823220
12388034 12407101
12388034 2930572
12388034 6498831
12388034 1357749
12857977 1300014
12857977 13266845
120604 3826401
120604 13368243
120604 4359823
120604 11440067
120604 12321115
120604 2479816
120604 2898976
120604 1201962
120604 2893445
120604 2518347
120604 11584913
120604 8464324
120604 5509255
120604 1002675
120604 120604
120604 10601670
120604 9152508
120604 1608852
120604 4723077
120604 2095817
1189094 11440067
1189094 13130240
1189094 13085559
1189094 8929180
1189094 2967128
1189094 371581
1189094 9640223
1189094 12373892
1189094 12366674
1189094 10072176
1189094 1622101
1189094 3735011
1189094 5356764
1189094 948343
1189094 2609825
1189094 4255117
1189094 1334009
1189094 4763920
1189094 5003362
1189094 4946646
12617260 13316168
12617260 2536488
1393872 3027179
1393872 6491698
1393872 330000
1393872 4106873
1393872 5029792
1393872 5038585
1393872 2937891
1393872 288123
1393872 2078688
1393872 2440188
1393872 2265974
1393872 2867880
1393872 1240487
1393872 2594059
1393872 414723
1393872 24604
1393872 2125390
1393872 2855754
1393872 1618781
1393872 2902684
226933 11872122
226933 1594231
226933 4039454
226933 2558796
226933 226338
226933 2992718
226933 1348744
226933 2457202
226933 3919883
226933 1483323
226933 407848
226933 2106255
226933 1800145
226933 3009884
226933 2294830
226933 2940538
226933 978286
226933 742749
226933 506589
226933 376224
12654567 11959951
12654567 13331092
12654567 8929180
12654567 13130240
12654567 2955018
12654567 12511689
13135131 13700798
13135131 1410155
13135131 2602867
13135131 12646752
13135131 3159765
13135131 12860442
13135131 2132010
13135131 1402609
13135131 1300014
13135131 13421036
13135131 3841033
13135131 3334215
13135131 9904841
13135131 12480953
13135131 2898976
2497193 13385529
9858954 13488330
9858954 12457307
9858954 13085559
9858954 6127365
9858954 2536496
9858954 13226273
9858954 13224366
9858954 9761221
9858954 13224304
9858954 13224279
9858954 8872619
9858954 13222956
9858954 13222850
9858954 12394134
9858954 13148784
9858954 13148812
9858954 13148748
9858954 13035895
9858954 13121624
9858954 8901815
327999 5331152
327999 12706226
327999 8910796
327999 319396
327999 4706296
327999 2536488
1258391 11872803
1258391 2542042
1258391 12495674
1258391 730818
1258391 975469
3161350 4285985
2356915 54983
2356915 3980800
2356915 9343774
2356915 1222295
2356915 2697470
12438286 9498601
12438286 13594150
12438286 5625724
12438286 2539309
12438286 1560823
991262 13374208
991262 10436892
991262 12499743
991262 4342271
991262 13059158
991262 6926
991262 13397290
991262 371581
991262 13302042
991262 2485120
991262 4109184
991262 12729886
991262 1185746
991262 3044178
991262 995578
991262 1891925
991262 12067129
991262 1263355
991262 6652517
991262 8486486
8347001 13097768
8347001 11210474
8347001 10958964
8347001 10245476
13129793 11879728
9846110 13549920
9846110 8330765
9846110 8663511
9846110 9509606
2063503 13421044
2063503 13316699
2063503 225471
2063503 13374208
2063503 13530850
2063503 2602867
2063503 13530848
2063503 4074811
2063503 13309659
2063503 13309661
2063503 11879728
2063503 3670481
2063503 13309660
2063503 13309662
2063503 13316168
2063503 12736759
2063503 13317717
2063503 2515
2063503 13302363
2063503 12706226
10231291 8870074
10231291 13316168
10231291 1219567
10231291 3057541
10231291 12552273
10231291 1790192
10231291 3180214
10231291 8662702
10231291 3917097
10231291 12962368
10231291 2209515
10231291 560937
10231291 12508231
10231291 12847419
10231291 10645391
10231291 12608823
10231291 12608886
10231291 3967544
10231291 12515191
10231291 222840
11704838 319317
11704838 13302363
11704838 6460967
11704838 6129771
11704838 13374208
11704838 1602301
11704838 4763920
11704838 9294188
11905976 10968865
11905976 10775718
11905976 2543137
11905976 5097347
11905976 12084959
11905976 12734316
11905976 6289607
11905976 8429355
11905976 2558795
2130301 11879728
2130301 11227608
2130301 1402609
2130301 2549266
2130301 1233470
2130301 943964
2130301 938342
11643470 13280345
11643470 2762503
11643470 5590191
11643470 2722914
11643470 4009594
11643470 11299920
11643470 4269141
11643470 12906198
11643470 2825712
11643470 11343076
11643470 2545436
13414958 11879728
13414958 13297575
13414958 13374208
13414958 1193070
13414958 1173134
3354101 13097768
3354101 11879728
3354101 2328272
3354101 11937044
3354101 1336684
3354101 5662914
3354101 7041020
3354101 3731217
3354101 6491697
3354101 3044178
3354101 10548376
3354101 3336587
3354101 2697473
3354101 2536566
3354101 4681128
3354101 6460967
3354101 2539395
3354101 5066278
3354101 2537768
3354101 1402609
4567750 13316168
4567750 13596062
4567750 1994487
13423313 2730812
13423313 2602257
11809965 11879728
11809965 6718000
11809965 1668097
11809965 660768
11809965 3787258
11809965 2580522
11809965 12624242
11809965 2098146
11809965 240404
11809965 5293946
11809965 9249436
11809965 3064556
11809965 3201780
11809965 1745172
11809965 12092045
11809965 6122105
11809965 11139107
11809965 10525016
11809965 10926311
11809965 11942889
5192603 2982516
5192603 5696258
5192603 1402609
1348018 11879728
1348018 2937891
1348018 5037297
1348018 4690346
1348018 2538581
1348018 2655569
1348018 2551632
9719374 12978432
9719374 8674288
9719374 3836440
9719374 3260453
1610877 11879728
1610877 1300014
1610877 12706226
1610877 10767914
1610877 2937891
1610877 2551897
1610877 3377522
1610877 3384066
1610877 4763920
1610877 414723
1610877 866993
1610877 1626387
2690087 13085559
2690087 13463459
2690087 13393922
2690087 10377529
2690087 13068472
2690087 8924277
2690087 1954037
2690087 11879728
2690087 2937997
2690087 12834957
2690087 3981321
2690087 1743662
2690087 12417743
2690087 2473672
2690087 13250098
2690087 12995087
2690087 12981851
2690087 7790368
2690087 1059780
2690087 2918648
442975 12706226
442975 11872122
442975 11937044
442975 6769042
442975 10813725
442975 7091350
442975 891390
442975 2523268
442975 2473927
442975 1902786
442975 1202998
442975 920960
442975 867939
442975 779395
442975 629019
442975 483255
442975 452088
442975 2873557
442975 287001
442975 2733003
1781868 12634422
1781868 13549133
1781868 12295306
1781868 7790368
1781868 371581
1781868 2898976
1781868 3118100
1781868 2899038
1781868 3499811
1781868 3399497
1781868 3100350
1781868 289726
1781868 2758646
1781868 2079222
1781868 1374322
1781868 1402609
1781868 2543137
4979603 264862
4979603 13556441
4979603 13398621
4979603 13309661
4979603 12446141
4979603 4126832
4979603 2095992
4979603 1402609
5694183 11879728
5694183 13680322
5694183 12351469
5694183 13568860
5694183 2779779
5694183 12805473
5694183 4288462
5694183 574118
5694183 12679255
5694183 3121187
5694183 2539768
5694183 2536488
5694183 1402609
5694183 2536487
5694183 2536496
2423399 11879728
2423399 13309659
2423399 1145715
2423399 13316699
2423399 13309662
2423399 13309661
2423399 13302042
2423399 13309660
2423399 13316168
2423399 735264
2423399 12647751
2423399 309557
2423399 12422091
2423399 3917097
2423399 6460967
2423399 3383832
2423399 1828571
2423399 254989
2423399 3139592
2423399 3000942
1762467 13097768
1762467 13393922
1762467 5331152
1762467 11773537
1762467 1662547
1762467 1242309
1762467 11584418
1762467 2898976
1762467 82622
1762467 57014
1762467 2589060
1762467 1648359
1762467 323054
1762467 1358832
1762467 6491697
1762467 230709
1762467 18304
1762467 3836440
1762467 3260453
1762467 2937891
3278519 13370792
3278519 1481183
3278519 4929542
3278519 5262340
3278519 13530849
3278519 4784926
3278519 12710774
3278519 1557975
3278519 13374208
3278519 6466458
3278519 2446977
3278519 13316168
3278519 13279247
3278519 4800711
3278519 6458019
3278519 5686911
3278519 1036909
3278519 11730066
3278519 12880431
3278519 10718695
1252321 2537521
1252321 13097768
1252321 12212316
1252321 13397290
1252321 3334215
1252321 2573146
1252321 11879728
1252321 2536488
126572 2655569
3941176 2898976
12710075 13101973
12710075 920960
12710075 1706795
12710075 2558795
2526255 2898976
2526255 2825712
7857820 12420820
7857820 6453434
7857820 2825712
7857820 12584131
7857820 11343188
7857820 5299982
7857820 3399497
7857820 7987481
7857820 8862592
7857820 1868347
7857820 3508231
1827017 3334215
2544218 2536488
2544218 193094
2544218 1770477
2544218 2442532
2544218 1560845
4116514 13530852
4116514 2589060
12687530 11078060
12687530 13426828
12687530 13547600
12687530 11860599
12687530 12082663
12687530 72489
2256044 8052277
2256044 2571087
2256044 3272692
2256044 2543137
2256044 2623227
2256044 88017
2256044 764800
2256044 2258489
2256044 1782292
2256044 322280
2256044 305526
2256044 1604843
2256044 99293
2256044 117003
2256044 1648048
9374910 13397290
9374910 1300014
9374910 12699330
9374910 12706742
9374910 2627280
9374910 1693
9374910 8810137
9374910 13085559
9374910 5702060
9374910 1075909
9374910 1156412
9374910 371581
9374910 11879728
9374910 3622537
9374910 12706226
9374910 12457623
9374910 12439942
9374910 2825712
9374910 6848014
9374910 1243735
13432791 12699330
13432791 13501602
13432791 5038585
13432791 12962368
12502460 3735011
12502460 12517744
12502460 12547566
12502460 3540741
12502460 371581
12502460 9498601
12502460 2993735
12502460 13464676
12502460 1220858
12502460 1300014
12502460 3334215
12502460 12706226
12502460 13056332
12502460 353766
12502460 13292295
12502460 13329262
12502460 1165872
12502460 13085559
12502460 6124245
12502460 3522601
13195645 3836440
13195645 948343
13195645 9777991
13195645 8354771
13195645 2545436
13570291 13614252
13570291 8821737
13570291 2067242
5565963 13530821
5565963 11057814
5565963 3334215
5565963 371581
5565963 948343
5565963 4037061
5565963 10398470
5565963 12755023
5565963 5047917
5565963 2539068
5565963 2558795
5565963 2545436
5565963 6008371
1269217 2602867
1269217 11415379
1269217 4300614
1269217 4037061
1269217 11366521
1269217 2067242
1269217 8668565
1269217 6731535
1269217 11905104
1269217 7790368
1269217 12730977
1269217 2215674
1269217 623248
1269217 5385337
1269217 9695096
1269217 9859893
1269217 12534223
1269217 9020244
1269217 569291
1269217 6552566
8749258 1143086
8749258 13316168
8749258 13323181
8749258 4074811
8749258 3005186
8749258 8810137
8749258 2536495
8749258 11809965
8749258 12731923
8749258 2558795
8749258 6460967
8749258 5144096
8749258 6127365
8749258 5029801
1800112 2710048
4401773 438204
4401773 13297575
4401773 1414721
4401773 6412413
4401773 1074661
4401773 2473244
4401773 61776
4913133 13346880
4913133 11122338
4913133 11593081
4913133 13378050
4913133 4950895
4913133 13587163
4913133 13309662
4913133 2032873
4913133 13309661
4913133 5512812
4913133 13556437
4913133 5029801
4913133 959589
4913133 540
4913133 4074811
4913133 1560823
4913133 3178996
4913133 12490818
4913133 12988703
4913133 12897204
2349403 3245402
2349403 13325045
2349403 11790409
2349403 1300014
2349403 13463459
2349403 1508224
2349403 6534030
2349403 1456644
2349403 10963261
2349403 5127167
2349403 12979093
2349403 5061594
2349403 13122875
2349403 11809965
2349403 235045
2349403 11937044
2349403 5501977
2349403 9498630
2349403 2830852
2349403 1396718
13543292 2945204
12094463 224826
12094463 13397290
12094463 2825712
12094463 12449015
12094463 2898976
12094463 5319457
12094463 12499743
11917675 3142792
11917675 7292447
11917675 6127365
11917675 13226491
11917675 9408926
11917675 2768512
11917675 3005186
11917675 13421036
11917675 1790192
11917675 12584131
11917675 11879728
11917675 1267471
11917675 13158003
11917675 9064941
11917675 4037061
11917675 12578859
11917675 1424700
11917675 977861
11917675 11624027
11917675 8774462
4289579 82827
4289579 6498228
4289579 6094440
4289579 1640174
4289579 2820401
13518359 2602867
13518359 5494673
13518359 13256647
13518359 8598868
13518359 2067242
13518359 13297575
13518359 13082896
13518359 1658271
13518359 5505736
13518359 13265013
1125567 11879728
1125567 1889996
1125567 2067242
1125567 2678931
1125567 2754841
1125567 3115200
1125567 1477764
1125567 1294640
1125567 536460
7689349 12106814
7689349 947024
7689349 6775030
7689349 13288562
7689349 3487761
7689349 11302676
7689349 1170637
7689349 12949629
7689349 4338715
7689349 2204976
7689349 1284425
7689349 2943399
7689349 12836461
7689349 954498
7689349 1622302
7689349 13325214
7689349 873568
7689349 13463459
7689349 13235202
7689349 12680207
1262741 2087987
1262741 12650553
1262741 12437104
1262741 3027179
1262741 2782763
1262741 3508231
1262741 2875814
1262741 2769756
1262741 239317
1262741 5105740
1262741 1969062
1262741 195371
1262741 2527854
1262741 1902786
1262741 2521468
1262741 2600674
1262741 1916483
1262741 2648565
1262741 1189434
1262741 2548340
1471725 2123646
1471725 9498601
1471725 13530849
1471725 12043229
1471725 13627498
1471725 371581
1471725 13576215
1471725 4074811
1471725 10767877
1471725 13530847
1471725 13556437
1471725 13530853
1471725 11951410
1471725 13316168
1471725 13309660
1471725 4759897
1471725 13085559
1471725 3836440
1471725 11872122
1471725 5108160
441932 11472444
441932 8143136
2378418 13316168
2378418 13097768
2378418 13325214
2378418 12782190
2378418 3142792
2378418 13670282
2378418 1259385
2378418 9408926
2378418 3159765
2378418 8929180
2378418 3399497
2378418 13284187
2378418 2067242
2378418 13297575
2378418 148433
2378418 1658271
2378418 4037061
2378418 11879728
2378418 438204
2378418 13421036
4819806 13085559
4819806 8043791
4819806 2536495
4819806 12499743
4819806 1402609
4819806 2536488
4819806 10769195
4819806 9408926
4819806 2937891
695346 7041020
695346 3816539
695346 12962368
695346 2536495
695346 13085559
695346 10485608
695346 2543499
695346 1402609
695346 4763920
11739418 13691875
11739418 2087987
11739418 3631370
11739418 1611365
11739418 11540423
11739418 13399452
11739418 13387691
11739418 12670387
11739418 13284187
11739418 372646
11739418 179006
11739418 7316
11739418 3632346
11739418 1342439
11739418 13331746
11739418 10711118
11739418 2995616
11739418 1294508
11739418 4237518
11739418 851964
10426472 13292295
10426472 10675777
10426472 3277975
10426472 3736712
10426472 2157527
10426472 2573712
10426472 5662914
10426472 11440067
10426472 4241555
10426472 6195940
10426472 10590298
10426472 1402609
11597339 11937044
11597339 6491697
11597339 13316168
11597339 8656030
11597339 13397290
11597339 7041020
11597339 4942567
11597339 1988337
11597339 6244963
11597339 6794692
11597339 3030249
11597339 4081804
5360303 13085559
5360303 2536495
5360303 2536488
5360303 1402609
5360303 2898976
5360303 5331152
5360303 6815344
9803548 3436901
9803548 13506730
9803548 11276315
9803548 12962368
9803548 12669520
9803548 18304
9803548 12868522
9803548 11829407
9803548 4686892
9803548 12565634
9803548 6731883
9803548 5105527
9803548 1380136
9803548 4113435
9803548 12452631
9803548 12279353
9803548 2047092
9803548 12058039
9803548 3158833
1176759 13097768
1176759 13556449
1176759 6129771
1176759 2126147
1176759 13085559
1176759 1578807
1176759 13556437
1176759 13374208
1176759 2536650
1176759 8929180
1176759 2537768
1176759 2543137
1176759 1722898
1176759 1715310
1176759 6477224
1176759 3975271
1176759 2536496
1176759 1402609
1176759 3062579
1176759 1311062
4891251 13421036
4891251 13226491
4891251 13309661
4891251 13309659
4891251 13529810
4891251 4478299
4891251 13309662
4891251 13335219
4891251 13316699
4891251 2602257
4891251 13317717
4891251 13309660
4891251 13276726
4891251 13316168
4891251 1300014
4891251 975469
4891251 1036909
4891251 735264
4891251 2551632
4891251 6652517
1665328 2524009
1665328 371445
1665328 10769539
1665328 10767914
1665328 5073465
1665328 9343774
1665328 2898976
1665328 5047917
1665328 1402609
1665328 3021332
1665328 2790194
1665328 4759897
1665328 1834339
1665328 3013242
8208953 2246062
8208953 13397290
8208953 8713981
8208953 10383496
8208953 11559737
8208953 13108801
8208953 13259499
8208953 12439942
8208953 1554016
8208953 1567002
8208953 12730977
8208953 6171573
8208953 7634850
8208953 11875608
8208953 6214028
8208953 10821708
13213910 13680322
13213910 12768139
13213910 13414252
13213910 12860442
13213910 11937044
13213910 7790368
13213910 11872122
13213910 1790192
13213910 640957
13213910 2695194
1279517 8810137
1279517 3875730
1279517 2545436
1279517 2993735
1279517 12690602
1279517 3005272
1279517 2602257
1279517 401377
1279517 12499743
1279517 12366674
1279517 998517
1279517 1622101
1279517 3439455
1279517 58629
1279517 6491698
1279517 5047917
1279517 1402609
1741597 48286
1741597 1334009
1741597 2548441
1741597 23783
1741597 1064143
1741597 6127365
1741597 2956374
1741597 2558134
9128245 296838
9128245 8825728
9128245 5331152
9128245 7041020
9128245 12963856
9128245 9765138
9128245 13085559
9128245 2278355
9128245 1369245
2957976 1474350
2957976 13530853
2957976 13257075
2957976 200445
2957976 8713032
2957976 13381954
2957976 13299231
2957976 13276208
2957976 10733164
2957976 10723291
2957976 12455410
2957976 12805473
2957976 1573554
2957976 1300014
2957976 11879728
2957976 872956
2957976 9408926
2957976 5108160
2957976 13278224
2957976 3331934
1555305 13623657
1555305 13374208
1555305 11919100
1555305 358554
1555305 327573
1555305 1640293
1555305 2668840
1555305 2956374
1555305 2558134
1555305 2397963
1555305 111704
13327456 13625174
13327456 13619039
13327456 13398355
13327456 9408926
13327456 2898976
1503571 3670481
1503571 2655569
1503571 5739530
1503571 2072925
1503571 1313634
1503571 2082688
1503571 5785802
1503571 12423314
1503571 12386151
1503571 8727420
1503571 10064148
1503571 5392297
1503571 2386913
1503571 10618718
1503571 2803022
1503571 1432854
1503571 3011764
1503571 4687230
1503571 1842251
1503571 1640849
12344819 11842391
12344819 13387691
12344819 58889
12344819 7988760
12344819 13522092
12344819 1300014
12344819 13456077
12344819 12301557
12344819 11919100
12344819 790429
12344819 13454744
12344819 12130540
12344819 13381798
12344819 1986752
12344819 3005147
12344819 10565689
12344819 3135320
12344819 1171378
12344819 9311748
12344819 1175912
12509502 4759897
12509502 2898976
1357888 12701779
1357888 11919100
1357888 1327966
1357888 2668840
1357888 3744160
1357888 2009929
1357888 3341673
1357888 2671467
1357888 5303168
1357888 1199441
1357888 6456307
1357888 455752
1357888 1586139
1357888 45454
1357888 159622
1357888 1517885
1357888 1635168
1357888 1902786
1357888 1408113
1357888 3841768
40236 58889
40236 3744160
40236 10570090
40236 361184
40236 1595411
40236 12802337
40236 2455367
40236 1327966
40236 2411299
40236 13265456
40236 13232950
40236 13289360
40236 12635335
40236 10962866
40236 13238850
40236 2695194
40236 2536495
40236 11919100
40236 4691434
40236 1365325
13393124 11879728
13393124 3620301
13191310 10112228
13191310 10220343
12582807 451202
12582807 2898976
12582807 11879728
12582807 13289391
12582807 2576571
12582807 8354917
12274468 12981851
1100827 3499811
1100827 2536842
1100827 2476615
1100827 2655569
1100827 2545436
1100827 975469
1100827 185530
8704904 13585887
8704904 4037061
8704904 13389056
8704904 12723
8704904 3836440
8704904 3336587
8704904 6213595
8704904 6378478
8704904 6240675
8704904 2536488
8848526 12937626
8848526 2126147
8848526 2380673
8848526 4074811
8848526 7790368
8848526 268455
8848526 998517
8848526 11842391
8848526 1402609
8848526 9126
8848526 10716515
8848526 4759863
8848526 2542657
8848526 10821636
8848526 8684873
8848526 10520259
259388 2558795
259388 2937891
259388 3425991
259388 2602257
259388 2551632
1919262 2993735
1919262 13374208
1919262 3622537
1919262 12730977
1919262 2898976
1919262 12584131
1919262 2536488
1919262 2825712
1919262 11901819
1919262 2655569
1919262 2952462
1919262 8932726
1919262 8929180
1919262 3245669
1919262 2769051
1775691 13097768
1775691 12442227
1775691 12476179
1775691 13268512
1775691 2560145
1775691 188148
1775691 13311476
1775691 13278224
1775691 1424700
1775691 2898976
1775691 8354917
1775691 2646967
1775691 2536488
1775691 11424800
1775691 343090
1775691 3074628
1775691 2937891
1775691 886593
10351241 2536842
10351241 2545436
12757319 8043791
12757319 8354771
12757319 3836440
12757319 6129771
12757319 2545436
12757319 2558795
12757319 12460703
12757319 8354917
13430259 12637566
13430259 13622692
13430259 5103259
13430259 13431595
13430259 11837380
13430259 12897465
13430259 1313881
13430259 12096290
13430259 11453960
13430259 13012659
13430259 13305964
13430259 4823305
13430259 13170915
13430259 2517759
13430259 7969353
13430259 961849
13430259 884222
13430259 1281780
13430259 1531743
13430259 2464155
13233019 6551372
13233019 880545
13233019 3155469
13233019 13530822
13233019 2457823
13233019 6127365
13233019 13351400
13233019 12841042
13233019 3042656
13233019 4943522
13233019 1043827
13233019 11879728
13233019 13130240
13233019 8929180
13233019 2464155
13233019 268455
13233019 1022574
13233019 2762430
13233019 11685312
13233019 4788959
6751329 49
6751329 11879728
6751329 9777991
6751329 8756811
6751329 8043791
6751329 8354771
6751329 5631363
6751329 6129771
6751329 2545436
6751329 2558795
6751329 4031479
6751329 4638402
6751329 4037061
6751329 12514132
6751329 3836440
6751329 2536488
5260878 2067242
5260878 11766388
5260878 11879728
5260878 7790368
5260878 12962368
5260878 8298455
5260878 8929180
5260878 1908521
5260878 1161867
5260878 6690355
5260878 12480317
5260878 785212
5260878 10767914
5260878 1824935
5260878 7834078
5260878 44049
5260878 10285337
5260878 2680687
5260878 264862
11919378 3620301
11919378 13085559
11919378 4788959
11919378 2898976
11919378 2536488
5506157 2545436
13419620 13097768
13419620 4783214
13419620 9777991
13419620 1308845
13419620 12998853
13419620 4638402
12309246 640957
12309246 13285083
12309246 2539309
12309246 13530839
12309246 13530850
12309246 13375795
12309246 11959940
12309246 2898976
12309246 4681128
12171385 12477454
12171385 11872122
12171385 11193729
12171385 1380136
12171385 3622537
12171385 12584131
12171385 12706226
12171385 1901265
12171385 4063272
12171385 1355080
12171385 2137600
12171385 11875580
12171385 9509606
12171385 2602257
2455376 11879728
2455376 13530847
2455376 2100782
2455376 13085559
2455376 2545436
2455376 3073197
2455376 1458436
2455376 3735011
3001133 12291659
3001133 11051839
3001133 1300014
3001133 13085559
3001133 12860442
3001133 224826
3001133 6127365
3001133 2655569
3001133 5047917
3001133 12584131
3001133 11853979
3001133 12611781
3001133 2825712
3001133 2350414
12055943 2545436
5379492 12092612
5379492 12998853
5379492 12579608
5379492 6127365
5379492 12706226
5379492 13397290
5379492 11872122
5379492 1554016
5379492 12401299
5379492 13085559
5379492 8731292
5379492 2054911
5379492 2467767
5379492 2580795
5379492 2825712
5379492 232641
5379492 4140097
5379492 11366521
5379492 4686892
5379492 11880387
8996034 13330822
8996034 13166126
8996034 13045111
8996034 12529829
8996034 12511384
8996034 12297626
8996034 3950307
8996034 1300014
8996034 2898976
8996034 2536495
8996034 2536488
8996034 8354771
8996034 9897143
2582817 13316168
2582817 11530293
2582817 10775718
2582817 12550738
2582817 8810137
2582817 1101923
2582817 375005
2582817 40236
2582817 1345556
2582817 2539131
2582817 2571058
2582817 2536842
2582817 2545436
4368376 13450444
4368376 6127365
4368376 12768139
4368376 5047917
4368376 1402609
4368376 2898976
4368376 12584131
4368376 2825712
4368376 4187285
4368376 1075909
4368376 11875573
4368376 2551632
4368376 8932726
4368376 8929180
4368376 3643615
4368376 3735011
1267619 13630710
1267619 2945204
1267619 13396454
1267619 13311941
1267619 12898497
1267619 2825712
1267619 10417738
1267619 6435325
1267619 4874285
2686615 3035030
2686615 13584371
2686615 1019115
2686615 1372489
2686615 11875500
2686615 1101923
2686615 3836440
2686615 3260453
2686615 1639384
2686615 2545436
2993906 2536842
2993906 1668043
2993906 348
2993906 2536488
2993906 2952028
2993906 1440214
2993906 2545436
2993906 1101923
6331307 224826
6331307 1300014
6331307 12706226
6331307 2825712
6331307 348
6331307 2536488
2988375 9372929
2988375 12656725
2988375 1402609
2988375 2106323
2988375 5496791
2988375 1137417
2988375 2730652
2988375 2607724
2988375 3437245
2988375 3439455
2988375 5312087
2988375 3735011
2988375 5608478
2988375 1204372
2988375 3178996
127016 2509868
127016 348
127016 2121819
127016 2672069
127016 2972687
127016 2545436
127016 2542652
127016 2537644
179806 6737882
179806 2536496
179806 3334215
179806 3726331
179806 12449636
179806 1736141
179806 58629
179806 13017986
179806 11823220
179806 920960
179806 2898976
179806 3622537
179806 2825712
179806 12460703
179806 11872803
179806 6305284
179806 1242312
179806 12394676
179806 12699330
179806 3024516
13316190 9053544
13316190 2545436
1320222 6731535
1320222 12718710
1320222 11879728
1320222 13259499
1320222 13010228
1320222 9835254
1320222 11959940
1320222 2602867
1320222 12668049
1320222 12366674
1320222 6491697
1320222 2825712
1320222 8929180
1320222 5299982
1320222 9602354
1320222 5234999
1320222 12297264
1320222 11942216
1320222 6193754
1320222 23783
12509502 4759897
12509502 2898976
8899933 4759897
8899933 11879728
8899933 2602257
8899933 5047917
8899933 12584131
8899933 2898976
8899933 12366674
8899933 9498630
1648359 5144096
1648359 8330765
1648359 6387841
1648359 1419000
1648359 1188145
1648359 6638725
1648359 10072176
1648359 11164917
1648359 6502057
1648359 8243248
1648359 7651494
1648359 11584418
1648359 3319161
1648359 3118100
1648359 2672818
1648359 2536916
1648359 9108967
1648359 6438955
1648359 3679164
1648359 5718192
3878187 1258540
3878187 2536488
179006 974240
179006 45725
179006 13629318
179006 12599570
179006 13399452
179006 3292021
179006 1461777
179006 164000
179006 5194865
179006 4051877
179006 2786388
179006 2300508
179006 13166141
179006 10156292
179006 1409104
179006 2625432
179006 11739418
179006 12171432
179006 1628588
179006 3003143
1372100 12939791
1372100 2539309
1372100 11872803
1372100 12501724
1372100 8582970
1372100 5368329
1372100 3837103
1372100 2071408
1372100 6678855
1372100 11854107
1372100 4290761
1372100 4716311
1372100 3957580
1372100 1234986
1372100 5640605
1372100 2468082
1372100 6491697
1372100 784364
1372100 4287246
1372100 6447774
5997215 1783775
5997215 13490903
5997215 6382081
5997215 11882864
5997215 5147372
5997215 13552445
5997215 1214879
5997215 1505560
5997215 11051839
5997215 113949
5997215 3038383
5997215 4031479
4062417 6129771
9229504 13290955
9229504 11653349
9229504 2754941
9229504 11815820
9229504 975469
9229504 11875582
9229504 9646078
9229504 1638278
9229504 2955114
9229504 1170695
9229504 2171848
9229504 304
9229504 1402609
9229504 2551632
9229504 6127365
9229504 3159097
9229504 3425991
9229504 6129771
9229504 3996499
9229504 4079426
1180613 3436441
1180613 4376176
1180613 12848255
1180613 13056332
1180613 12745378
1180613 13347122
1180613 11631960
1180613 8788754
1180613 13621061
1180613 13667210
1180613 13048286
1180613 4550742
1180613 12576220
1180613 3334215
1180613 12540896
1180613 13405648
1180613 11931516
1180613 28111
1180613 11412125
1180613 265798
13391573 17325
13391573 13039537
13391573 9408926
2950077 11716322
2950077 8354917
13334467 10442219
13334467 4030199
13334467 4959329
13334467 1868475
13334467 12059602
13334467 1760483
13334467 13654769
13334467 1270565
13334467 3317888
13334467 12563509
13334467 1608776
13334467 8246542
13334467 1188265
13334467 2915283
13334467 13441710
13334467 3218896
13334467 13241250
13334467 2099227
13334467 2916886
13334467 5310712
5680071 13130240
5680071 13259499
5680071 375764
5680071 3142792
5680071 3044178
5680071 11860599
5680071 11971402
5680071 2884920
5680071 3159765
5680071 13530835
5680071 11879728
5680071 11795853
5680071 1200001
5680071 13224400
5680071 13162496
5680071 8738379
5680071 4109184
5680071 3005186
5680071 6731535
5680071 13395863
3625595 2027476
3625595 13530852
3625595 13530824
3625595 13374208
3625595 6582918
3625595 11937044
3625595 4970310
3625595 4490081
3625595 10767914
3625595 2192547
3625595 2171848
3625595 5195205
3625595 3384066
3625595 2921694
3625595 2898976
3625595 2937891
3625595 2551632
3625595 3425991
3625595 2536488
3625595 348
13385928 12962368
10330393 3979765
10330393 5274391
10330393 2512224
10330393 3529527
10330393 154724
10330393 1609961
10330393 6348862
10330393 9777991
12680183 13657204
12680183 2040696
12680183 5100310
12680183 1475586
12680183 13387691
12680183 13398355
12680183 9576958
12680183 13551955
12680183 12730977
12680183 12909651
12680183 11961279
12680183 2814236
12680183 6491697
222842 13085559
222842 13398355
222842 4763920
222842 2730812
222842 5192310
222842 9509595
222842 12706226
222842 12480317
222842 12584131
222842 2825712
222842 11937044
222842 3012074
222842 12511611
222842 11848289
222842 11773537
222842 12475040
222842 1587221
222842 12437161
222842 11880085
222842 12113331
10673850 2032873
10673850 12207115
10673850 3055459
10673850 12486824
10673850 13316168
10673850 13317717
10673850 5066658
10673850 13309660
10673850 13279247
10673850 12734316
10673850 2898976
1165787 13097768
1165787 4074811
1165787 13242745
1165787 13673791
1165787 1143086
1165787 10697695
1165787 11860599
1165787 5240020
1165787 1402609
1165787 13530827
1165787 8330765
1165787 12860442
1165787 3646010
1165787 12061720
1165787 13270413
1165787 13397290
1165787 1021594
1165787 6460967
1165787 13311476
1165787 8723391
12821500 1236698
12821500 13265013
12821500 12915315
12821500 12730977
12821500 12714518
12821500 2847535
12821500 12534223
1444313 4998214
12524338 3934745
12524338 3836440
12524338 13381954
12524338 10776451
12524338 10716842
12524338 2551632
12524338 1236698
12524338 1402609
12524338 4681128
4889519 12446141
4889519 62294
1707609 11415379
1707609 892240
1707609 58889
1707609 6129771
1707609 13584371
1707609 13530852
1707609 4339675
1707609 2602257
1707609 13541633
1707609 3272692
1707609 13283905
1707609 447044
1707609 10047247
1707609 12805473
1707609 11937044
1707609 13345522
1707609 11440067
1707609 1300014
1707609 5192310
1707609 11583522
11220352 5132808
11220352 12869194
11220352 1300014
11220352 199087
11220352 6491697
11220352 12699330
790429 2515
790429 8929180
790429 12618892
790429 13110697
790429 17325
790429 8567348
790429 13167083
790429 13615238
790429 8330765
790429 4074811
790429 3008915
790429 13566269
790429 126140
790429 13584371
790429 2776082
790429 2538388
790429 3607581
790429 1716460
790429 13563431
790429 13530853
6278823 8735844
6278823 13085559
6278823 3044302
6278823 289726
2580808 11842391
2580808 2648229
1662948 5132808
1662948 1300014
1662948 11424800
1662948 6277141
1662948 2188398
1662948 9649236
1662948 17325
1662948 6299748
1662948 13085559
1662948 1693
1662948 12730977
1662948 12706226
1662948 8483780
1662948 3031462
1662948 665679
1662948 185507
1662948 10072176
1662948 11875608
1662948 2772123
1662948 1680486
13519222 9777991
13519222 58889
13519222 6129771
1145987 13556376
1145987 17325
1145987 13584371
1145987 3071233
1145987 2730812
1145987 13530827
1145987 13308018
1145987 2602257
1145987 4300614
1145987 11937044
1145987 12495674
1145987 6377216
1145987 1618376
1145987 2110940
1145987 6723924
1145987 4937115
1145987 9717586
1145987 2558795
1145987 1011985
1145987 10600510
3844424 6466458
3844424 2032873
3844424 12291659
3844424 13085559
3844424 3000942
3844424 2405821
3844424 6252362
11804703 13467816
11804703 1410155
11804703 9408926
11804703 13085559
11804703 12607937
11804703 12706226
11804703 2693730
11804703 7790368
11804703 1594085
11804703 2785075
11804703 2955018
11804703 11848289
11804703 12699330
11804703 6626561
11804703 4285985
11804703 2551632
243560 9509606
243560 498223
243560 1293698
243560 2545436
243560 40963
243560 438551
243560 1075846
243560 28959
243560 1109018
243560 373377
243560 85746
243560 1457
243560 137907
243560 15913
243560 12752
243560 406784
243560 374703
243560 10031
243560 899162
243560 78924
12769740 5913249
12769740 13479285
12769740 10610542
12769740 2583415
12899100 9469834
12899100 156377
12899100 5785802
12899100 10675777
12899100 12125569
10530704 12748896
10530704 8776761
10530704 10697175
10530704 2602257
2929884 12456246
2929884 4681128
2929884 975469
2929884 2618209
2929884 11882833
2929884 2991791
2929884 1342439
2929884 4737299
2929884 348
2929884 2536495
2929884 2402953
2929884 2866019
2929884 3082261
2929884 2536487
11760251 13398355
11760251 11883984
11760251 4037061
12692652 13302363
12692652 2655569
12692652 12660892
1603969 1829333
1216481 8043791
1216481 3836440
1216481 3260453
1216481 1700535
1216481 2469903
1216481 920960
1216481 1915455
1216481 1482322
1216481 1143936
1216481 1967988
1216481 1915920
1216481 86903
1216481 1185354
1216481 1065992
12821500 1236698
12821500 13265013
12821500 12915315
12821500 12730977
12821500 12714518
12821500 2847535
12821500 12534223
13481707 11879728
13481707 12530424
13481707 8330765
13481707 13308018
13481707 13345522
13481707 12403960
13481707 2514599
13481707 1611407
13481707 10691376
790429 2515
790429 8929180
790429 12618892
790429 13110697
790429 17325
790429 8567348
790429 13167083
790429 13615238
790429 8330765
790429 4074811
790429 3008915
790429 13566269
790429 126140
790429 13584371
790429 2776082
790429 2538388
790429 3607581
790429 1716460
790429 13563431
790429 13530853
6260072 12072591
6260072 11875586
6260072 5787685
6260072 2602257
6260072 2898976
6260072 5303168
8821737 11300161
8821737 3272692
8821737 13662909
8821737 2556087
8821737 12477454
8821737 2964400
8821737 13531346
8821737 13530852
8821737 13556467
8821737 13556471
8821737 11108921
8821737 4378201
8821737 13570291
8821737 2592858
8821737 456699
8821737 13100668
8821737 1594160
8821737 2082295
8821737 2001932
8821737 2761633
13009744 11879728
13009744 11501595
13009744 12176005
13009744 5633779
13009744 1741597
13009744 9354046
13009744 2536488
2953200 2558795
2953200 2955018
2953200 1050523
2953200 3425991
2953200 3384066
2953200 2697470
2953200 2551632
13331760 13423707
13331760 1146952
13331760 13395863
13331760 8447965
13331760 1161867
2687818 3272692
2687818 11440067
2687818 2545436
2687818 9509595
2687818 3499811
2687818 13085559
2687818 5303168
2687818 1156412
2687818 4220413
2687818 3380904
2687818 8932726
2687818 8929180
2687818 8354771
2687818 8354917
2687818 11424761
2687818 11227525
2687818 6348405
2687818 2558795
2687818 2488319
2687818 9777991
2120036 13530852
2120036 12733318
2120036 11833764
2120036 1639125
2120036 5055190
2120036 5036434
2120036 11723856
2120036 3110562
2120036 1690112
2120036 1902786
2120036 1336574
2120036 2878295
2120036 811953
2120036 11623
2120036 2549866
2120036 2536487
2120036 2956372
2120036 2874540
2120036 3501403
2120036 2536495
2713186 10570090
2713186 13584371
2713186 4353154
2713186 13580280
2713186 288167
2713186 3272692
2713186 58889
2713186 8033515
2713186 2937929
2713186 11879728
2713186 2067242
2713186 6129771
2713186 1200001
2713186 13345522
2713186 3219568
2713186 8713981
2713186 12523821
2713186 2349701
2713186 253735
2713186 371581
1051268 2541663
1926284 1342439
1926284 2609557
1926284 2866019
1926284 2937891
1926284 1072829
12740978 13483140
12740978 17325
12740978 12207559
12740978 3086131
12740978 975469
12740978 3071233
12740978 1236698
12740978 13619345
12740978 5787660
12740978 13085559
12740978 1637877
12740978 8309637
12740978 5313916
12740978 13530847
12740978 2050956
12740978 13411180
12740978 13398355
12740978 12465417
12740978 11329799
12740978 13474130
13121628 2898976
13121628 13621918
12750512 3155465
12750512 11012788
12750512 288167
12750512 675429
12750512 3120797
12750512 11150172
12750512 1099441
12750512 2575607
12750512 8706031
12750512 11879728
12750512 11653349
12750512 13274827
12750512 5584106
12750512 268455
12750512 1588317
12750512 5785802
12750512 1241598
12750512 4083913
12750512 2752400
12750512 10576288
13707431 10348219
13707431 4269141
13707431 1401764
10410241 13309661
10410241 1300014
10410241 12366674
10410241 1611340
10410241 9706991
10410241 2694506
10410241 10669102
10410241 5627144
10410241 2536487
10410241 1402609
10410241 2551632
10410241 2536488
1621977 13556376
1621977 10047247
1621977 3914755
1232524 959589
1232524 3012214
1232524 1200001
1232524 2539309
1232524 2602867
1232524 12475040
1232524 909924
1232524 886593
1232524 4759897
1232524 1121533
1232524 2584145
1232524 66171
1232524 26284
1232524 10149
1232524 269666
13251382 1300014
13251382 13085559
3267207 13316168
3267207 13530853
3267207 13530847
3267207 6731535
3267207 13374208
3267207 371581
3267207 12538059
3267207 9322919
3267207 6460967
3267207 1402609
3267207 2558795
3267207 3746440
3267207 4690346
3267207 4829954
3267207 5097347
3267207 2874540
3267207 2539395
3267207 2538794
3267207 2536488
3267207 2697473
12477071 8043791
12477071 2545436
12477071 1300014
12477071 6129771
12477071 8354771
12477071 13397290
12477071 13085559
12477071 2536496
404839 9498601
404839 2558795
404839 13252750
404839 3988383
404839 1215836
404839 1419311
404839 12499743
404839 3800807
404839 2089286
404839 1372031
404839 3107434
404839 188632
404839 5144096
2004644 2898976
2004644 58629
235217 5331152
235217 3540741
235217 1300014
235217 13529810
235217 2545436
235217 6129771
235217 13085559
235217 4037061
235217 1902786
235217 2898976
235217 12584131
235217 3221722
235217 8706031
235217 8407161
235217 1402609
235217 948343
235217 3245669
235217 2539759
11382464 11809965
11382464 13097768
11382464 17325
11382464 13289426
11382464 12782190
11382464 2708856
11382464 2678931
11382464 12579431
11382464 11595825
12658054 8788754
12658054 2278355
12658054 13398355
12658054 2993735
12658054 13271977
12658054 7041020
12658054 1402609
12658054 1622101
12658054 2047092
12658054 12499743
12658054 3044178
12658054 9740099
12658054 11440067
12658054 4759897
12658054 12366674
12658054 371581
12658054 11374015
12658054 6127365
12658054 4307724
12658054 11583522
1489864 13537070
1489864 2551632
1489864 10767914
1489864 10769539
1489864 2171848
1489864 2730654
1489864 32445
1489864 344828
243560 9509606
243560 498223
243560 1293698
243560 2545436
243560 40963
243560 438551
243560 1075846
243560 28959
243560 1109018
243560 373377
243560 85746
243560 1457
243560 137907
243560 15913
243560 12752
243560 406784
243560 374703
243560 10031
243560 899162
243560 78924
507047 7790368
507047 237100
507047 2208955
507047 327830
507047 1474222
507047 259579
507047 127947
507047 1072829
507047 235106
507047 160338
507047 998996
507047 600543
2325654 13599930
2325654 13530831
2325654 13530847
2325654 13530822
2325654 371581
2325654 8733202
2325654 12407151
2325654 1529531
2325654 1284470
2325654 1205579
2325654 2365155
2325654 246088
2325654 5192310
2325654 4838704
2325654 9498601
2325654 749919
2325654 2712005
2325654 1823184
2325654 1467503
2325654 8765874
6859756 11879728
6859756 10047247
6859756 975469
6859756 12072591
6859756 12915315
6351397 12495674
6351397 3735011
6351397 12939075
10424376 2898976
10424376 2536488
11884911 13085559
11884911 12106814
11884911 78445
11884911 8354917
11884911 4763920
2431491 13463459
2431491 6127365
2431491 1300014
2431491 12706226
2431491 13085559
2431491 3973626
2431491 1293952
2431491 8686810
2431491 975469
2431491 95901
2431491 2027476
2431491 6815344
2431491 11368407
2431491 11440067
2431491 11740520
2431491 7859043
2431491 12301091
2431491 1618733
2431491 3159325
2431491 2696231
3046167 3836440
3046167 3260453
3046167 2551632
3046167 2558795
3046167 4763920
3046167 1640422
109110 12962368
109110 11809965
109110 8107034
109110 3012074
109110 1402609
109110 1342439
109110 2672812
109110 3735011
109110 3384066
109110 306210
109110 214538
109110 36398
109110 79368
109110 98164
109110 25373
109110 118955
2513522 13372961
2513522 2611960
2513522 2009546
2513522 2858811
2513522 2488319
2513522 2549866
2513522 1198143
2513522 2121819
2513522 2543137
2513522 1684362
2513522 920960
8835777 3795946
8835777 13234843
8835777 6626561
8835777 5785802
8835777 353785
8835777 6543943
8835777 10163336
8835777 5343050
8835777 3373018
8835777 4090266
8835777 5627144
8835777 9824557
8835777 9803132
8835777 9804462
8835777 4197338
8835777 1439765
12496949 9372929
12496949 12699330
12496949 4027314
12496949 13467816
12496949 13309661
12496949 13421044
12496949 13501602
12496949 13421034
12496949 13657204
12496949 13309660
12496949 12514132
12496949 13633795
12496949 9777991
12496949 5152928
12496949 4074811
12496949 11415379
12496949 12962368
12496949 12106814
12496949 3331934
12496949 2032873
13538672 13663539
13538672 13699190
13538672 1889996
13538672 12455410
13538672 344045
13538672 8994685
13538672 13556437
13538672 348
2663947 13085559
2663947 12461470
2663947 5608497
2663947 10678035
2663947 3340240
2663947 8944833
2663947 6356395
2663947 8929180
2663947 10769195
2663947 10060523
2663947 2947115
2663947 1628631
2663947 3118100
2663947 2279148
1217700 11795853
1217700 13306991
1217700 872956
1217700 11879728
1217700 13530852
1217700 1300014
1217700 524113
1217700 3224749
1217700 2485120
1217700 2536488
1217700 4037061
1217700 2464155
1217700 2551632
1217700 2929340
1217700 250471
1217700 11875511
1217700 12320308
1217700 11875520
1217700 11875608
1217700 11881299
3759917 11440067
3759917 11879728
3759917 9064941
3759917 948343
3759917 13311476
3759917 13289363
3759917 12765297
3759917 4330241
3759917 12053290
3759917 216998
3759917 12439942
3759917 2661649
3759917 348
3759917 8932726
3759917 8929180
3759917 2573712
3759917 10769211
3759917 10548376
3759917 4037061
3759917 6129771
1599549 2545436
1599549 1648359
1599549 13289430
1599549 2518657
1599549 2915171
1599549 2536488
1599549 2536495
1599549 6460967
1599549 1402609
1599549 4946646
1599549 371581
1599549 13110697
1599549 13085559
1599549 11440067
1599549 6491697
1599549 12706226
1599549 1218214
1599549 12373892
1599549 12366674
1599549 2524009
5027 2371
5027 12366674
5027 11159854
5027 3179028
5027 2898976
5027 289726
5027 920960
2419303 13251188
2419303 2566634
2419303 11819613
2419303 13355970
2419303 8415186
2419303 2998457
2419303 2898976
2419303 12887805
2419303 1980368
2419303 8919340
2419303 2630943
2419303 8727420
2419303 2487076
2419303 11299920
2419303 11911963
2419303 3970900
2419303 8386213
2419303 3578517
2419303 2635869
2419303 5619790
767749 12462373
767749 2898976
767749 12321965
767749 5805551
767749 4686892
767749 1600062
13592160 1115356
1216481 8043791
1216481 3836440
1216481 3260453
1216481 1700535
1216481 2469903
1216481 920960
1216481 1915455
1216481 1482322
1216481 1143936
1216481 1967988
1216481 1915920
1216481 86903
1216481 1185354
1216481 1065992
89729 1300014
89729 8330765
89729 6129771
12146231 7292447
12146231 12608886
1179171 6648440
1179171 4074811
1179171 18304
1179171 10945941
1179171 8711520
1179171 5435112
1179171 11826443
1179171 2524009
1179171 2671467
1179171 10825786
1179171 980748
1179171 6784726
1179171 2577974
1179171 2931919
1179171 6281000
1179171 1902786
1179171 5036434
1179171 3503497
1179171 4263901
1179171 1701804
179006 974240
179006 45725
179006 13629318
179006 12599570
179006 13399452
179006 3292021
179006 1461777
179006 164000
179006 5194865
179006 4051877
179006 2786388
179006 2300508
179006 13166141
179006 10156292
179006 1409104
179006 2625432
179006 11739418
179006 12171432
179006 1628588
179006 3003143
1372939 12714518
1372939 13297575
1372939 2515
1372939 6460967
1372939 12489251
1372939 5012721
1372939 2898976
1372939 300187
1372939 11343076
1372939 11937044
1372939 9423015
1372939 6723924
1372939 11544263
1372939 9870423
1372939 2057302
1372939 8706031
1372939 217101
1372939 2624539
1372939 948343
1372939 1676936
2488152 6129771
2488152 2545436
2488152 1404105
8996034 13330822
8996034 13166126
8996034 13045111
8996034 12529829
8996034 12511384
8996034 12297626
8996034 3950307
8996034 1300014
8996034 2898976
8996034 2536495
8996034 2536488
8996034 8354771
8996034 9897143
5178759 35303
3031551 13309661
3031551 483088
3031551 10610542
3031551 13556467
3031551 3759086
3031551 10436892
3031551 300108
1138033 2898976
1138033 6460967
1138033 2536495
1138033 6129771
1138033 12915561
1138033 1402609
1138033 2536488
1138033 2937891
1138033 2551632
1138033 348
1138033 435906
10811088 13595505
10811088 12634422
10811088 7041020
10811088 2580493
10811088 5079669
10811088 23783
10811088 11809965
10811088 355360
10811088 5047917
10811088 1402609
10811088 1279312
10811088 11424800
13072817 13385529
13072817 13530847
13072817 307886
13072817 11428718
13072817 6491697
964590 12740449
1525985 13628215
1525985 1200001
1525985 80720
1525985 11044988
1525985 5500606
1525985 11879728
1525985 13405127
1525985 13309660
1525985 13316168
1525985 13309661
1525985 6460967
1525985 8906185
1525985 2898976
1525985 2610185
1525985 12473423
1525985 1213543
1525985 11533491
1525985 1979411
1525985 1795696
1525985 1097175
3983156 1577839
3983156 5220810
6142225 2697473
3752998 13584371
3752998 12351469
3752998 7292447
3752998 8929180
3752998 2921694
3752998 1815262
3752998 5537236
3732012 1902786
3732012 6505436
3732012 526997
3732012 8932726
3732012 8929180
3732012 8921179
3732012 1638459
3732012 4638402
3732012 10223448
3732012 8706031
3732012 8407161
3732012 3112594
3732012 32
3732012 348
3732012 1262107
3732012 628136
3732012 3619746
1563345 13598982
1563345 872956
1563345 13385529
3376551 13109713
3376551 13673410
3376551 11903656
3376551 1300014
3376551 6926
3376551 13397290
3376551 3638434
3376551 13085559
3376551 2047092
3376551 12853419
3376551 4686892
3376551 2558795
3376551 8522328
3376551 2217599
3376551 9675260
3376551 10398470
3376551 2370615
3376551 6474104
3376551 2171848
3376551 2537768
2341555 13591248
2341555 374325
2341555 2678931
2341555 2067242
2341555 10375839
2341555 11150704
2341555 2412322
2341555 2543137
2341555 275700
2341555 995578
2341555 6755618
2341555 5596291
2341555 2539068
2341555 5169213
2341555 5097347
2341555 5195205
2341555 2224707
2341555 9824557
2341555 1101923
2341555 10023479
1976443 13622250
1976443 12193422
1976443 6185787
1976443 1617738
1976443 12936212
1976443 6543943
1976443 2920013
1976443 10232166
1976443 13278224
1976443 12349199
1976443 9892401
1976443 9386143
1976443 10708755
1976443 1898111
1976443 222921
1976443 10109468
1976443 1309851
1976443 3042066
1976443 2900147
1976443 1399781
2625713 2536842
2625713 13694805
2625713 13556471
2625713 12611781
2625713 1402609
2625713 3008915
2625713 2686615
2625713 12043229
2625713 12768139
2625713 13317717
2625713 11415379
2625713 13584371
2625713 13530847
2625713 13550729
2625713 13309659
2625713 13530851
2625713 10738121
2625713 13556449
2625713 13302042
2625713 13529810
